Duration: 107 s
Cwnd values: 
2
4
1
2
3
4
5
6
1
2
4
5
6
1
2
4
5
1
2
3
4
1
2
3
4
5
1
2
3
4
5
6
1
2
4
5
1
2
3
1
2
3
1
2
3
4
5
6
1
2
4
5
6
1
2
4
1
2
3
4
1
2
3
4
5
6
1
2
4
5
1
2
3
1
2
3
4
5
6
1
2
4
5
1
2
3
4
5
6
1
2
4
5
1
2
3
4
5
6
1
2
4
5
6
1
2
4
1
2
3
4
5
6
1
2
4
5
6
1
2
4
5
6
1
2
4
5
6
1
2
4
5
6
1
2
4
1
2
3
4
1
2
3
4
1
2
3
4
1
2
3
4
5
6
1
2
4
5
6
1
2
4
5
6
1
2
4
5
6
1
2
1
2
3
1
2
3
1
2
3
4
5
6
1
2
4
5
6
1
2
4
5
6
1
2
4
5
6
1
2
1
2
3
4
5
6
1
2
4
5
6
1
2
4
5
1
2
3
4
5
6
1
2
4
5
1
2
3
4
1
2
3
4
5
6
1
2
4
1
2
3
4
1
2
3
4
5
6
1
2
4
5
6
1
2
4
5
6
1
2
4
1
2
3
4
5
6
1
2
4
1
2
3
4
5
6
1
2
4
1
2
3
4
5
6
1
2
4
5
6
1
2
4
5
6
1
2
4
5
6
1
2
1
2
3
4
5
6
1
2
4
1
2
3
4
5
6
1
2
4
5
6
1
2
4
1
2
3
4
5
1
2
3
4
5
1
2
3
4
5
1
2
3
4
1
2
3
4
5
6
1
2
4
5
6
1
2
4
5
6
1
2
4
5
1
2
3
1
2
3
4
5
1
2
3
4
5
6
1
2
4
5
6
1
2
Threasholds: 
1000000000
2
3
3
2
2
2
3
2
1
1
3
3
2
2
3
2
1
3
2
3
2
3
3
2
3
3
3
3
3
2
2
2
2
3
3
3
3
1
1
1
3
3
3
3
1
3
3
2
3
2
2
3
2
2
3
3
3
2
3
2
3
2
3
3
3
3
1
3
2
3
3
2
2
2
2
2
3
3
3
2
1
2
3
3
Max cwnd: 6
